READ TERR 1 2
! WT
139.529	172.085	-71.294	1.865398678e-11	3.64241644e-12	-3.5818198e-12
405.125	38.016	-93.511	2.673845668e-11	5.30797228e-12	-5.28214908e-12
470.200	14.227	-27.059	6.52565784e-11	1.209602628e-11	-1.203312786e-11
488.198	2.244	-3.772	1.76390201e-10	3.320316636e-11	-3.26430598e-11
496.120	7.649	-5.678	1.501056986e-10	2.817479444e-11	-2.776119736e-11
506.004	2.644	-2.236	2.119640588e-10	4.1142374e-11	-4.05592564e-11
517.548	2.151	-8.899	2.21863876e-10	4.2398889e-11	-4.11948654e-11
522.527	2.235	-2.828	2.042814202e-10	4.04866202e-11	-3.92676232e-11
526.797	1.660	-2.035	2.799170322e-10	5.44240502e-11	-5.3582633e-11
530.679	1.955	-2.222	3.809936e-10	5.93352578e-11	-5.7933369e-11
534.498	1.707	-1.864	3.07055931e-10	5.6964492e-11	-5.59356538e-11
538.371	1.824	-2.166	3.78805726e-10	6.33694906e-11	-6.17209294e-11
542.019	2.148	-1.823	3.87375378e-10	6.46570002e-11	-6.19646612e-11
545.934	1.736	-1.767	4.54324052e-10	7.11773244e-11	-6.91778178e-11
549.332	1.560	-1.662	4.93963678e-10	7.67984334e-11	-7.50823398e-11
552.707	1.512	-1.815	4.70368236e-10	7.52020932e-11	-7.32161066e-11
555.580	1.229	-1.361	6.04109766e-10	9.68998004e-11	-9.41026138e-11
558.168	1.294	-1.359	5.8993675e-10	9.49689754e-11	-9.19690564e-11
561.177	1.533	-1.715	4.8170915e-10	7.8111124e-11	-7.52178102e-11
564.083	1.397	-1.372	5.6529993e-10	9.05195096e-11	-8.80245288e-11
566.310	1.003	-0.831	8.67673378e-10	1.335810138e-10	-1.31585428e-10
568.850	1.373	-1.536	5.47146288e-10	8.39941492e-11	-8.29194782e-11
571.011	0.916	-0.788	9.33786854e-10	1.445820688e-10	-1.418006668e-10
573.007	0.985	-1.08	7.70515278e-10	1.200634474e-10	-1.171778062e-10
574.862	0.753	-0.87	9.80877014e-10	1.529099494e-10	-1.491839726e-10
576.569	0.846	-0.955	8.83961936e-10	1.378189592e-10	-1.344477134e-10
578.300	0.823	-0.885	9.16249386e-10	1.461975736e-10	-1.4255657e-10
580.123	0.721	-1	9.09616474e-10	1.457852136e-10	-1.416659738e-10
581.627	0.896	-0.784	9.31758854e-10	1.499106388e-10	-1.452394112e-10
583.392	0.757	-0.869	9.45935588e-10	1.56589316e-10	-1.510367196e-10
585.179	0.973	-1.03	7.94422018e-10	1.276740582e-10	-1.216506616e-10
586.982	0.681	-0.83	1.053612586e-09	1.715303356e-10	-1.618053996e-10
588.560	0.722	-0.897	9.66553588e-10	1.60084574e-10	-1.516345064e-10
589.960	0.980	-0.678	9.43725068e-10	1.551117828e-10	-1.478020258e-10
591.605	0.673	-0.665	1.189523738e-09	1.900236e-10	-1.81909065e-10
593.064	0.671	-0.786	1.073972692e-09	1.73952376e-10	-1.676564162e-10
594.240	0.508	-0.505	1.545845704e-09	2.493556468e-10	-2.410999292e-10
595.344	0.592	-0.596	1.33917459e-09	2.107854528e-10	-2.04120735e-10
596.578	0.506	-0.642	1.363703926e-09	2.183486422e-10	-2.1234005e-10
597.894	0.504	-0.811	1.210496638e-09	1.890425888e-10	-1.84181946e-10
598.793	0.473	-0.395	1.771789578e-09	2.881348262e-10	-2.81780967e-10
599.780	0.604	-0.514	1.400642594e-09	2.224456754e-10	-2.176907252e-10
600.879	0.474	-0.495	1.641388502e-09	2.545432708e-10	-2.493442562e-10
601.897	0.542	-0.543	1.441944504e-09	2.279600102e-10	-2.238742324e-10
602.943	0.428	-0.505	1.707170738e-09	2.642170674e-10	-2.592176756e-10
603.889	0.547	-0.518	1.468445732e-09	2.329304692e-10	-2.28165379e-10
604.791	0.316	-0.354	2.372848218e-09	3.69600972e-10	-3.60824464e-10
605.479	0.405	-0.372	2.04704123e-09	3.196934806e-10	-3.114674056e-10
606.294	0.482	-0.41	1.78554077e-09	2.797655068e-10	-2.718790204e-10
607.273	0.451	-0.497	1.62220058e-09	2.660759998e-10	-2.584869534e-10
608.348	0.467	-0.624	1.434893148e-09	2.30545913e-10	-2.23598323e-10
609.257	0.408	-0.443	1.87145868e-09	2.943275946e-10	-2.852010538e-10
610.088	0.415	-0.423	1.89933692e-09	2.985629374e-10	-2.894171644e-10
611.037	0.471	-0.534	1.618490016e-09	2.517633898e-10	-2.440099402e-10
611.808	0.291	-0.299	2.69444812e-09	4.23115836e-10	-4.10480382e-10
612.467	0.395	-0.368	2.050320168e-09	3.28678974e-10	-3.193375328e-10
613.249	0.380	-0.387	2.040803778e-09	3.27670889e-10	-3.179676864e-10
613.956	0.351	-0.327	2.347909226e-09	3.69777408e-10	-3.57922058e-10
614.655	0.314	-0.348	2.404727364e-09	3.79427308e-10	-3.6673507e-10
615.382	0.482	-0.413	1.778426884e-09	2.81075223e-10	-2.713213204e-10
616.282	0.454	-0.418	1.82559377e-09	2.89189589e-10	-2.786588948e-10
617.242	0.474	-0.506	1.62348667e-09	2.57805613e-10	-2.479443954e-10
618.107	0.412	-0.391	1.983457684e-09	3.162036644e-10	-3.031839382e-10
618.889	0.305	-0.371	2.406414998e-09	3.81410016e-10	-3.64319722e-10
619.541	0.319	-0.347	2.391850916e-09	3.84119424e-10	-3.66205762e-10
620.193	0.225	-0.333	2.848859364e-09	4.59114188e-10	-4.36514832e-10
620.792	0.398	-0.374	2.026712558e-09	3.340839996e-10	-3.176190732e-10
621.686	0.405	-0.495	1.738281948e-09	2.880132476e-10	-2.72727806e-10
622.429	0.403	-0.339	2.109280212e-09	3.50824058e-10	-3.31217861e-10
623.224	0.375	-0.392	2.075542066e-09	3.3903428e-10	-3.189833764e-10
623.993	0.307	-0.394	2.270427796e-09	3.71160842e-10	-3.48996492e-10
624.681	0.392	-0.38	2.061151378e-09	3.372201326e-10	-3.168850048e-10
625.549	0.351	-0.476	1.966475888e-09	3.191361524e-10	-2.992920372e-10
626.230	0.388	-0.331	2.103074194e-09	3.65477372e-10	-3.45552272e-10
627.089	0.441	-0.47	1.74715918e-09	2.866152458e-10	-2.68773206e-10
627.837	0.295	-0.308	2.594588048e-09	4.33306198e-10	-4.07796662e-10
628.472	0.333	-0.339	2.326895766e-09	3.87012704e-10	-3.65388478e-10
629.157	0.327	-0.352	2.39375487e-09	3.852186e-10	-3.6363392e-10
629.843	0.263	-0.358	2.563143232e-09	4.14716874e-10	-3.93084198e-10
630.501	0.330	-0.396	2.155825854e-09	3.54402464e-10	-3.376499334e-10
631.226	0.358	-0.395	2.043998892e-09	3.41665948e-10	-3.270628608e-10
632.001	0.396	-0.417	1.96818921e-09	3.177690776e-10	-3.043688986e-10
632.779	0.367	-0.382	2.124790694e-09	3.38783484e-10	-3.247977876e-10
633.474	0.391	-0.328	2.214197778e-09	3.53075476e-10	-3.38472524e-10
634.171	0.313	-0.307	2.484459874e-09	4.12729434e-10	-3.96999928e-10
634.891	0.315	-0.407	2.166461024e-09	3.5260329e-10	-3.38565136e-10
635.550	0.334	-0.344	2.30860929e-09	3.75775556e-10	-3.60787284e-10
636.180	0.352	-0.296	2.457537498e-09	3.9202085e-10	-3.75700858e-10
636.822	0.310	-0.29	2.61000558e-09	4.24903856e-10	-4.07903808e-10
637.500	0.423	-0.368	1.976566878e-09	3.217993896e-10	-3.08910875e-10
638.236	0.348	-0.313	2.404686804e-09	3.83619522e-10	-3.6762739e-10
639.005	0.372	-0.42	1.976590538e-09	3.217452082e-10	-3.08902256e-10
639.824	0.321	-0.448	2.070728608e-09	3.302705146e-10	-3.165565702e-10
640.584	0.341	-0.439	2.04233458e-09	3.257052838e-10	-3.122081326e-10
641.391	0.481	-0.467	1.678318044e-09	2.676243102e-10	-2.565554524e-10
642.149	0.405	-0.276	2.33565098e-09	3.7240333e-10	-3.57030076e-10
643.018	0.346	-0.464	1.966103074e-09	3.133022724e-10	-3.005024152e-10
643.705	0.334	-0.342	2.354062178e-09	3.74900136e-10	-3.59750976e-10
644.419	0.359	-0.379	2.15552402e-09	3.43056142e-10	-3.29362072e-10
645.176	0.429	-0.398	1.891553118e-09	3.070066506e-10	-2.954220048e-10
646.072	0.355	-0.467	1.936218128e-09	3.07663317e-10	-2.957478368e-10
646.750	0.291	-0.323	2.592834842e-09	4.11750586e-10	-3.95989646e-10
647.449	0.325	-0.408	2.17116159e-09	3.4474986e-10	-3.315818532e-10
648.278	0.416	-0.504	1.67228373e-09	2.779656568e-10	-2.672532538e-10
648.997	0.391	-0.303	2.293605808e-09	3.67959982e-10	-3.51082966e-10
649.701	0.317	-0.313	2.484626846e-09	4.0865552e-10	-3.89189762e-10
650.446	0.444	-0.428	1.825554562e-09	2.96056904e-10	-2.801118216e-10
651.274	0.473	-0.384	1.855830574e-09	3.029030264e-10	-2.851658342e-10
652.073	0.326	-0.326	2.450733896e-09	4.06689374e-10	-3.8131639e-10
652.874	0.419	-0.474	1.781893074e-09	2.92361043e-10	-2.741271936e-10
653.747	0.349	-0.454	1.983419152e-09	3.21688965e-10	-3.043409798e-10
654.445	0.318	-0.35	2.438475988e-09	3.8867803e-10	-3.69637814e-10
654.987	0.311	-0.225	2.971798076e-09	4.74820372e-10	-4.54482236e-10
655.638	0.347	-0.34	2.23981953e-09	3.70336122e-10	-3.57535724e-10
656.318	0.284	-0.333	2.49156024e-09	4.09384586e-10	-3.97168252e-10
656.918	0.271	-0.316	2.710740058e-09	4.2489473e-10	-4.1279264e-10
657.509	0.415	-0.32	2.093545298e-09	3.40766868e-10	-3.330201784e-10
658.216	0.275	-0.292	2.804253504e-09	4.3752748e-10	-4.26587434e-10
658.881	0.338	-0.39	2.187178058e-09	3.4144084e-10	-3.327592762e-10
659.499	0.224	-0.279	3.301466376e-09	5.05591216e-10	-4.91986716e-10
660.138	0.357	-0.416	2.026693968e-09	3.23524136e-10	-3.153587658e-10
660.757	0.265	-0.262	2.971575334e-09	4.74598982e-10	-4.62437742e-10
661.272	0.291	-0.25	2.942644562e-09	4.60397912e-10	-4.47921656e-10
661.841	0.269	-0.279	2.855852922e-09	4.56569048e-10	-4.44528474e-10
662.443	0.253	-0.333	2.719034916e-09	4.25879324e-10	-4.13986456e-10
662.985	0.250	-0.289	2.952332994e-09	4.64609054e-10	-4.49984132e-10
663.512	0.225	-0.277	3.189587362e-09	5.09960542e-10	-4.92183432e-10
664.049	0.274	-0.313	2.710778252e-09	4.31662504e-10	-4.14255166e-10
664.575	0.250	-0.251	3.313167936e-09	5.20934388e-10	-4.96652468e-10
665.181	0.356	-0.356	2.236451022e-09	3.60937018e-10	-3.42788784e-10
665.858	0.325	-0.321	2.46439011e-09	4.0088152e-10	-3.78392352e-10
666.448	0.245	-0.266	3.06480486e-09	5.12432336e-10	-4.81827788e-10
666.950	0.255	-0.257	3.002137294e-09	5.1490751e-10	-4.83127398e-10
667.492	0.266	-0.286	2.885633088e-09	4.79864346e-10	-4.45284242e-10
667.980	0.387	-0.223	3.303440972e-09	4.98050436e-10	-4.56366924e-10
668.633	0.267	-0.265	3.141140132e-09	5.12746676e-10	-4.78849332e-10
669.175	0.287	-0.276	2.830813206e-09	4.63879312e-10	-4.35370026e-10
669.741	0.291	-0.28	2.786734288e-09	4.54338586e-10	-4.28101674e-10
670.380	0.332	-0.348	2.34176371e-09	3.7979877e-10	-3.59324082e-10
671.053	0.320	-0.34	2.41116018e-09	3.88757122e-10	-3.69487404e-10
671.668	0.276	-0.295	2.78671536e-09	4.4707936e-10	-4.26565802e-10
672.244	0.409	-0.301	3.250670046e-09	4.4732441e-10	-4.21350124e-10
673.003	0.328	-0.35	2.308590362e-09	3.74358998e-10	-3.6048376e-10
673.622	0.284	-0.291	2.76951623e-09	4.38118642e-10	-4.2261154e-10
674.151	0.280	-0.245	3.301886172e-09	5.0140272e-10	-4.83468102e-10
674.750	0.344	-0.32	3.5706827e-09	4.70846168e-10	-4.50487076e-10
675.443	0.245	-0.349	2.67825454e-09	4.19213626e-10	-4.07716556e-10
675.949	0.301	-0.261	2.83080915e-09	4.41708202e-10	-4.3063566e-10
676.569	0.361	-0.319	2.263341288e-09	3.67301896e-10	-3.59784776e-10
677.234	0.314	-0.304	2.578015908e-09	3.9959881e-10	-3.91583816e-10
677.860	0.234	-0.312	2.913856088e-09	4.51208368e-10	-4.4249439e-10
678.395	0.320	-0.301	2.563244632e-09	3.97087132e-10	-3.8928981e-10
679.027	0.293	-0.312	2.631092386e-09	4.07857164e-10	-3.9965289e-10
679.660	0.339	-0.341	2.302622634e-09	3.64862212e-10	-3.57691204e-10
680.283	0.308	-0.284	2.64144296e-09	4.18781324e-10	-4.1037594e-10
680.858	0.262	-0.267	3.078963342e-09	4.7324225e-10	-4.6293663e-10
681.413	0.360	-0.293	2.35595295e-09	3.82073848e-10	-3.74448906e-10
682.025	0.257	-0.252	3.127935148e-09	4.86215704e-10	-4.75423026e-10
682.674	0.354	-0.392	2.09930448e-09	3.336211424e-10	-3.263264264e-10
683.466	0.291	-0.439	2.181881936e-09	3.39959048e-10	-3.318084822e-10
684.114	0.294	-0.357	2.444187512e-09	3.8132822e-10	-3.71809126e-10
684.664	0.251	-0.256	3.295573346e-09	5.09779712e-10	-4.96379364e-10
685.284	0.309	-0.369	2.347959588e-09	3.67175484e-10	-3.5736064e-10
685.924	0.286	-0.331	2.534900628e-09	4.05376244e-10	-3.9459641e-10
686.489	0.308	-0.279	2.710882356e-09	4.25047844e-10	-4.12842664e-10
687.089	0.283	-0.292	2.831121124e-09	4.4009797e-10	-4.26766574e-10
687.608	0.306	-0.236	2.883935652e-09	4.62726394e-10	-4.49263178e-10
688.185	0.260	-0.27	3.001921988e-09	4.71847662e-10	-4.57419456e-10
688.714	0.242	-0.269	3.255611268e-09	5.01983404e-10	-4.85901026e-10
689.226	0.293	-0.271	2.82199411e-09	4.43806506e-10	-4.30054976e-10
689.860	0.289	-0.341	3.76247066e-09	4.97069222e-10	-4.74888986e-10
690.459	0.295	-0.31	2.542982546e-09	4.17326234e-10	-4.0525524e-10
691.124	0.310	-0.37	2.341764724e-09	3.6867857e-10	-3.5695673e-10
691.675	0.351	-0.242	2.686352006e-09	4.23033702e-10	-4.09505252e-10
692.369	0.205	-0.343	2.904395806e-09	4.57556008e-10	-4.42783718e-10
692.902	0.288	-0.327	2.642860194e-09	4.12303216e-10	-3.98707166e-10
693.525	0.323	-0.335	2.377300354e-09	3.82393258e-10	-3.70545682e-10
694.110	0.322	-0.262	2.727344984e-09	4.29679796e-10	-4.15795432e-10
694.691	0.256	-0.26	3.221770032e-09	4.97808766e-10	-4.81076414e-10
695.255	0.226	-0.308	3.04810935e-09	4.75512934e-10	-4.59841226e-10
695.770	0.220	-0.289	3.127815834e-09	4.92764116e-10	-4.7684702e-10
696.323	0.336	-0.333	2.299502556e-09	3.77739674e-10	-3.6653396e-10
697.062	0.332	-0.403	2.16599357e-09	3.4123128e-10	-3.302126828e-10
697.802	0.403	-0.409	1.961770252e-09	3.089253752e-10	-2.99049556e-10
698.584	0.290	-0.379	2.43203337e-09	3.78775982e-10	-3.66763462e-10
699.209	0.263	-0.335	2.66236685e-09	4.1836964e-10	-4.05656446e-10
699.829	0.383	-0.357	2.114365084e-09	3.39010958e-10	-3.29326751e-10
700.524	0.282	-0.312	2.678367432e-09	4.2010527e-10	-4.07924764e-10
701.166	0.361	-0.36	2.20875564e-09	3.46141406e-10	-3.363348092e-10
701.793	0.239	-0.266	3.219821462e-09	4.99155358e-10	-4.85061096e-10
702.309	0.281	-0.277	2.84892595e-09	4.4577468e-10	-4.33664478e-10
702.944	0.267	-0.353	2.563190552e-09	4.01376014e-10	-3.902379e-10
703.479	0.334	-0.267	3.23471577e-09	4.63680906e-10	-4.47666466e-10
704.090	0.272	-0.277	2.959298836e-09	4.60146778e-10	-4.46115046e-10
704.637	0.251	-0.274	2.998250294e-09	4.8635665e-10	-4.72252586e-10
705.226	0.348	-0.339	2.278722654e-09	3.6632947e-10	-3.55135924e-10
705.848	0.272	-0.274	2.865115812e-09	4.61357156e-10	-4.46688294e-10
706.398	0.294	-0.277	3.220241596e-09	4.77154262e-10	-4.5855615e-10
706.960	0.246	-0.268	3.232879078e-09	5.01587606e-10	-4.83180464e-10
707.525	0.298	-0.319	2.577942224e-09	4.0836146e-10	-3.93495882e-10
708.099	0.227	-0.276	3.231177248e-09	5.07281892e-10	-4.88150416e-10
708.587	0.264	-0.26	3.032359226e-09	4.80999688e-10	-4.62998484e-10
709.232	0.280	-0.38	2.411184854e-09	3.82809674e-10	-3.68227002e-10
709.823	0.354	-0.312	2.39187897e-09	3.80030638e-10	-3.65339806e-10
710.423	0.273	-0.247	3.335888296e-09	5.11050592e-10	-4.89411494e-10
710.985	0.238	-0.288	3.089317634e-09	4.86878184e-10	-4.67118366e-10
711.509	0.285	-0.287	2.740146058e-09	4.45319732e-10	-4.28079028e-10
712.110	0.275	-0.316	2.649346414e-09	4.30894906e-10	-4.13964148e-10
712.689	0.322	-0.305	2.54140848e-09	4.04959828e-10	-3.88429262e-10
713.377	0.285	-0.366	2.444192582e-09	3.88420474e-10	-3.73347026e-10
713.991	0.210	-0.329	2.952395186e-09	4.6812493e-10	-4.5074835e-10
714.475	0.352	-0.274	2.49886104e-09	4.03614926e-10	-3.89852242e-10
715.132	0.323	-0.305	2.534161422e-09	4.00075052e-10	-3.86522942e-10
715.778	0.298	-0.322	2.563202382e-09	4.03725452e-10	-3.90750646e-10
716.407	0.276	-0.33	2.6233363e-09	4.12266036e-10	-3.99716096e-10
716.950	0.249	-0.267	3.08468602e-09	4.83903784e-10	-4.6982338e-10
717.566	0.309	-0.367	2.314703768e-09	3.70346262e-10	-3.60359376e-10
718.196	0.344	-0.321	2.311855104e-09	3.78657006e-10	-3.68262492e-10
718.935	0.324	-0.395	2.214274504e-09	3.4891571e-10	-3.375902764e-10
719.483	0.308	-0.224	3.124806282e-09	4.84302624e-10	-4.6691658e-10
720.130	0.417	-0.339	2.104842272e-09	3.33613436e-10	-3.213238574e-10
720.806	0.333	-0.259	2.68631922e-09	4.27087336e-10	-4.10372222e-10
721.421	0.248	-0.282	2.951530582e-09	4.80404132e-10	-4.61257784e-10
721.952	0.328	-0.283	2.564288038e-09	4.1856061e-10	-4.00992046e-10
722.598	0.338	-0.318	2.424144788e-09	3.89158328e-10	-3.7111893e-10
723.221	0.246	-0.284	2.901235844e-09	4.86295134e-10	-4.64512386e-10
723.796	0.245	-0.33	2.769379002e-09	4.47347056e-10	-4.2455673e-10
724.317	0.254	-0.276	3.284992932e-09	5.1799683e-10	-4.88999472e-10
724.870	0.259	-0.298	2.8578576e-09	4.64285588e-10	-4.38679384e-10
725.384	0.257	-0.255	3.244134478e-09	5.19198082e-10	-4.8823424e-10
725.896	0.284	-0.255	3.083441842e-09	4.94817804e-10	-4.64333584e-10
726.464	0.289	-0.284	2.777995298e-09	4.55362388e-10	-4.2727594e-10
726.978	0.337	-0.225	2.893626788e-09	4.71661086e-10	-4.40837514e-10
727.549	0.287	-0.234	3.22212189e-09	5.31017266e-10	-4.96220842e-10
728.107	0.242	-0.271	3.105935404e-09	5.08296568e-10	-4.77542624e-10
728.585	0.269	-0.237	3.149675646e-09	5.12584098e-10	-4.83661438e-10
729.129	0.261	-0.275	2.971791992e-09	4.80597468e-10	-4.55704782e-10
729.702	0.251	-0.313	2.821824772e-09	4.53313094e-10	-4.32067428e-10
730.362	0.301	-0.408	2.166879806e-09	3.60364108e-10	-3.46336094e-10
730.970	0.260	-0.307	2.804104784e-09	4.44855996e-10	-4.28160824e-10
731.501	0.285	-0.27	2.819079536e-09	4.53941436e-10	-4.39510526e-10
732.001	0.314	-0.215	3.078866674e-09	4.7884967e-10	-4.64164246e-10
732.611	0.310	-0.296	3.9057928e-09	5.1204803e-10	-4.92104678e-10
733.208	0.216	-0.287	3.248522056e-09	5.09025972e-10	-4.94802594e-10
733.752	0.365	-0.327	3.38538434e-09	4.51115756e-10	-4.33089878e-10
734.356	0.298	-0.239	3.307501704e-09	4.99929378e-10	-4.83931838e-10
735.002	0.239	-0.348	2.710762028e-09	4.2603379e-10	-4.13043436e-10
735.532	0.303	-0.291	2.58863384e-09	4.2476122e-10	-4.12518184e-10
736.132	0.246	-0.297	2.883845068e-09	4.63795826e-10	-4.49483554e-10
736.636	0.293	-0.259	2.83731734e-09	4.56758328e-10	-4.42327756e-10
737.220	0.343	-0.291	2.512813004e-09	3.9668018e-10	-3.8326158e-10
737.834	0.367	-0.271	3.322513298e-09	4.63245224e-10	-4.42320658e-10
738.471	0.284	-0.269	2.828212972e-09	4.57337998e-10	-4.41347894e-10
739.037	0.284	-0.282	2.813028998e-09	4.46398966e-10	-4.2955068e-10
739.521	0.317	-0.2	3.09090353e-09	4.96345226e-10	-4.77417902e-10
740.103	0.257	-0.265	3.324430096e-09	5.1004876e-10	-4.87891846e-10
740.643	0.235	-0.283	3.278972138e-09	5.08524718e-10	-4.86144724e-10
741.164	0.288	-0.287	4.03077168e-09	5.58401688e-10	-5.26327178e-10
741.770	0.303	-0.318	3.8163411e-09	5.16772256e-10	-4.84427346e-10
742.377	0.294	-0.304	3.91944124e-09	5.38933226e-10	-5.05035544e-10
742.982	0.228	-0.311	4.46130594e-09	6.00538796e-10	-5.62438422e-10
743.509	0.315	-0.299	3.77377676e-09	5.22116712e-10	-4.92622494e-10
744.090	0.263	-0.267	4.4192148e-09	6.01512574e-10	-5.68106682e-10
744.683	0.298	-0.33	3.73066486e-09	5.0580686e-10	-4.7916063e-10
745.299	0.255	-0.318	4.0898169e-09	5.52383936e-10	-5.248295e-10
745.835	0.276	-0.281	4.25533888e-09	5.65373952e-10	-5.3779687e-10
746.438	0.319	-0.327	3.58670728e-09	4.87656936e-10	-4.66340628e-10
747.073	0.303	-0.316	3.78426828e-09	5.0558885e-10	-4.84410446e-10
747.645	0.300	-0.269	2.857609508e-09	4.43960972e-10	-4.30703936e-10
748.221	0.276	-0.275	2.885669254e-09	4.53430718e-10	-4.39674118e-10
748.726	0.297	-0.229	3.038730864e-09	4.83123342e-10	-4.68318942e-10
749.266	0.270	-0.242	3.106102038e-09	4.89342204e-10	-4.73536648e-10
749.769	0.336	-0.233	2.74872416e-09	4.42692796e-10	-4.28558988e-10
750.363	0.248	-0.257	3.149909204e-09	4.9781823e-10	-4.8055488e-10
750.884	0.396	-0.273	3.17231083e-09	4.42756002e-10	-4.22422936e-10
751.637	0.295	-0.358	3.6291398e-09	4.84960034e-10	-4.59263922e-10
752.253	0.247	-0.321	2.804255194e-09	4.45556332e-10	-4.28328134e-10
752.803	0.293	-0.303	3.97580274e-09	5.32344254e-10	-5.03364134e-10
753.363	0.251	-0.267	3.210759344e-09	4.99408858e-10	-4.80143534e-10
753.876	0.249	-0.262	3.186240486e-09	4.99568732e-10	-4.81220402e-10
754.421	0.299	-0.297	3.97580274e-09	5.2882804e-10	-5.02598226e-10
755.025	0.278	-0.304	4.02728014e-09	5.41515208e-10	-5.16276072e-10
755.622	0.292	-0.32	3.82826574e-09	5.13586268e-10	-4.90507628e-10
756.159	0.298	-0.245	2.899973076e-09	4.70689336e-10	-4.5683235e-10
756.730	0.234	-0.273	3.086262452e-09	4.95093274e-10	-4.8076106e-10
757.282	0.273	-0.318	2.69445657e-09	4.22710912e-10	-4.10393178e-10
757.816	0.271	-0.261	3.324311458e-09	4.96882308e-10	-4.81346814e-10
758.400	0.309	-0.314	3.265515344e-09	4.67519572e-10	-4.51896536e-10
759.035	0.315	-0.326	3.65811316e-09	4.86083884e-10	-4.67676066e-10
759.629	0.249	-0.279	2.961564788e-09	4.72927234e-10	-4.60864014e-10
760.200	0.267	-0.322	2.657351944e-09	4.24057842e-10	-4.1346019e-10
760.793	0.357	-0.326	3.4684715e-09	4.53310052e-10	-4.36691944e-10
761.433	0.294	-0.282	2.760978012e-09	4.30774916e-10	-4.20004208e-10
761.982	0.289	-0.255	2.923438388e-09	4.55757172e-10	-4.44636972e-10
762.540	0.250	-0.269	3.012317854e-09	4.79436776e-10	-4.68409864e-10
763.055	0.243	-0.264	3.278292758e-09	5.01129954e-10	-4.88331246e-10
763.546	0.263	-0.248	3.012708244e-09	4.90518782e-10	-4.7926203e-10
764.116	0.280	-0.307	2.710780956e-09	4.23277062e-10	-4.12442134e-10
764.749	0.325	-0.353	3.54796572e-09	4.61291246e-10	-4.437264e-10
765.305	0.292	-0.231	3.04271318e-09	4.75817134e-10	-4.63101574e-10
765.872	0.274	-0.276	2.846579554e-09	4.54972336e-10	-4.43059864e-10
766.424	0.231	-0.278	3.197391106e-09	4.95836874e-10	-4.81716924e-10
766.914	0.274	-0.259	3.379471368e-09	5.0069461e-10	-4.84740334e-10
767.471	0.244	-0.282	3.02215433e-09	4.74006806e-10	-4.60280288e-10
768.114	0.336	-0.399	2.093499668e-09	3.40830412e-10	-3.330287298e-10
768.750	0.321	-0.3	3.81631406e-09	4.94957398e-10	-4.79629098e-10
769.371	0.255	-0.3	2.867225946e-09	4.43297478e-10	-4.3525612e-10
769.870	0.288	-0.244	2.941814096e-09	4.63290178e-10	-4.56331096e-10
770.395	0.323	-0.237	2.79233968e-09	4.38327864e-10	-4.3281069e-10
771.044	0.338	-0.325	3.277313234e-09	4.41491544e-10	-4.35617442e-10
771.633	0.310	-0.251	3.344730376e-09	4.72025788e-10	-4.6756216e-10
772.215	0.256	-0.272	2.96156783e-09	4.60666622e-10	-4.58001154e-10
772.745	0.418	-0.274	3.270590414e-09	4.2088605e-10	-4.17178866e-10
773.503	0.320	-0.34	2.41123454e-09	3.68980404e-10	-3.65137006e-10
774.166	0.226	-0.343	2.795529048e-09	4.3004585e-10	-4.2387059e-10
774.745	0.291	-0.353	2.429749504e-09	3.83952114e-10	-3.77200564e-10
775.262	0.307	-0.225	3.141149934e-09	4.83343718e-10	-4.72553744e-10
775.868	0.312	-0.3	2.556887866e-09	4.08559866e-10	-3.97946666e-10
776.514	0.340	-0.334	3.47469408e-09	4.66713442e-10	-4.4532852e-10
777.116	0.251	-0.261	3.106098996e-09	4.93533404e-10	-4.74437418e-10
777.652	0.241	-0.285	3.022145204e-09	4.82258062e-10	-4.62053098e-10
778.203	0.267	-0.309	2.760976998e-09	4.399577e-10	-4.21990296e-10
778.817	0.299	-0.347	2.464310342e-09	3.92075944e-10	-3.76517804e-10
779.362	0.314	-0.246	2.90291131e-09	4.56753258e-10	-4.38773348e-10
779.933	0.252	-0.257	3.023073352e-09	4.9975159e-10	-4.82544686e-10
780.507	0.308	-0.322	2.526945122e-09	4.00179832e-10	-3.85689772e-10
781.063	0.294	-0.248	2.93291726e-09	4.63843146e-10	-4.4751876e-10
781.671	0.327	-0.314	3.65805908e-09	4.9231052e-10	-4.69040234e-10
782.297	0.285	-0.299	2.681664622e-09	4.3169529e-10	-4.18061046e-10
782.896	0.330	-0.314	2.429774516e-09	3.91663922e-10	-3.78903746e-10
783.681	0.354	-0.455	1.96601925e-09	3.118131796e-10	-3.001747242e-10
784.337	0.275	-0.302	2.668515746e-09	4.4233215e-10	-4.26204142e-10
784.865	0.284	-0.254	3.307420922e-09	5.08726504e-10	-4.85818216e-10
785.398	0.301	-0.249	2.895006166e-09	4.632459e-10	-4.42885794e-10
786.046	0.359	-0.347	2.21556634e-09	3.63235756e-10	-3.4679814e-10
786.723	0.312	-0.318	2.526949516e-09	4.07602312e-10	-3.87267894e-10
787.357	0.258	-0.322	2.74398371e-09	4.44170532e-10	-4.2085901e-10
787.896	0.249	-0.281	2.951576212e-09	4.8722193e-10	-4.62704086e-10
788.436	0.243	-0.291	2.98179544e-09	4.82076556e-10	-4.57208882e-10
788.982	0.346	-0.303	3.60793706e-09	5.00559072e-10	-4.65857964e-10
789.716	0.300	-0.388	2.272832666e-09	3.7378237e-10	-3.56006274e-10
790.250	0.282	-0.234	3.22188529e-09	5.09352142e-10	-4.83555982e-10
790.804	0.337	-0.271	3.371236336e-09	4.8736051e-10	-4.58269526e-10
791.487	0.341	-0.346	2.317458468e-09	3.72244808e-10	-3.54831048e-10
792.094	0.246	-0.266	3.106041874e-09	4.98230928e-10	-4.75428434e-10
792.693	0.341	-0.353	2.216918678e-09	3.70339164e-10	-3.54683004e-10
793.327	0.224	-0.293	3.142315358e-09	5.006118e-10	-4.76275124e-10
793.912	0.344	-0.36	2.183372854e-09	3.66301416e-10	-3.49646128e-10
794.541	0.342	-0.284	2.541338852e-09	4.10760246e-10	-3.8964978e-10
795.228	0.329	-0.345	2.36026414e-09	3.82583214e-10	-3.62116976e-10
795.890	0.321	-0.334	2.430731056e-09	3.95004038e-10	-3.73138818e-10
796.483	0.244	-0.271	3.221588864e-09	5.15335756e-10	-4.84787316e-10
797.044	0.317	-0.316	2.470608634e-09	4.11374392e-10	-3.88052054e-10
797.753	0.305	-0.393	2.24371329e-09	3.74359674e-10	-3.52575236e-10
798.412	0.299	-0.354	2.437347406e-09	3.9931658e-10	-3.74837944e-10
799.024	0.312	-0.313	2.54847437e-09	4.17941394e-10	-3.92016456e-10
799.782	0.292	-0.446	2.155474334e-09	3.53908308e-10	-3.316517854e-10
800.395	0.307	-0.322	2.534012702e-09	4.1645318e-10	-3.89978316e-10
801.014	0.302	-0.312	2.592768594e-09	4.26558028e-10	-3.99115808e-10
801.622	0.233	-0.306	2.902761238e-09	4.87208748e-10	-4.56746498e-10
802.252	0.330	-0.397	2.187076658e-09	3.60482746e-10	-3.368072656e-10
802.950	0.298	-0.367	2.391771148e-09	3.92040454e-10	-3.67869398e-10
803.584	0.296	-0.336	2.43539985e-09	4.11078642e-10	-3.90530946e-10
804.331	0.392	-0.451	1.92912486e-09	3.073052736e-10	-2.923882182e-10
805.056	0.330	-0.333	2.317870828e-09	3.84444918e-10	-3.70250946e-10
805.835	0.411	-0.448	1.851980416e-09	2.92568744e-10	-2.825150016e-10
806.494	0.257	-0.248	3.149650296e-09	4.93905204e-10	-4.79676756e-10
807.114	0.324	-0.363	2.317381404e-09	3.61246288e-10	-3.52453556e-10
807.863	0.370	-0.425	1.967610216e-09	3.13293214e-10	-3.05989203e-10
808.514	0.230	-0.281	3.116689212e-09	4.89557848e-10	-4.74835582e-10
809.190	0.365	-0.447	1.928773678e-09	3.119420928e-10	-3.00999647e-10
809.917	0.376	-0.362	2.155400988e-09	3.44585592e-10	-3.296735052e-10
810.705	0.271	-0.412	2.329417246e-09	3.77260728e-10	-3.57317038e-10
811.421	0.471	-0.445	1.707836598e-09	2.847101088e-10	-2.683190016e-10
812.204	0.356	-0.311	2.385310278e-09	3.95096988e-10	-3.6774738e-10
812.926	0.352	-0.367	2.214084886e-09	3.66660372e-10	-3.4133268e-10
813.656	0.446	-0.377	1.931944794e-09	3.172752596e-10	-2.972732308e-10
814.563	0.359	-0.461	1.907850802e-09	3.163373434e-10	-2.99380965e-10
815.294	0.415	-0.371	2.068746914e-09	3.308558968e-10	-3.138269498e-10
816.242	0.403	-0.533	1.672105266e-09	2.727020166e-10	-2.614278576e-10
817.057	0.402	-0.413	1.953119818e-09	3.099741216e-10	-2.982495438e-10
817.981	0.536	-0.521	1.506006996e-09	2.380647568e-10	-2.29769865e-10
818.886	0.490	-0.37	1.821097694e-09	2.938277264e-10	-2.840454318e-10
819.871	0.537	-0.495	1.542321378e-09	2.437164886e-10	-2.352911964e-10
820.877	0.488	-0.47	1.63489924e-09	2.636869482e-10	-2.549820286e-10
821.782	0.433	-0.417	1.871437386e-09	2.956203432e-10	-2.854778758e-10
822.655	0.625	-0.44	1.49342089e-09	2.357875832e-10	-2.277876978e-10
823.652	0.403	-0.371	2.056440672e-09	3.240961672e-10	-3.135378246e-10
824.471	0.546	-0.416	1.625833404e-09	2.612603786e-10	-2.533601694e-10
825.578	0.452	-0.56	1.57213771e-09	2.469384736e-10	-2.395177174e-10
826.512	0.386	-0.482	1.833092638e-09	2.87460043e-10	-2.791728576e-10
827.429	0.484	-0.532	1.566652646e-09	2.454519834e-10	-2.385457308e-10
828.420	0.478	-0.506	1.590534036e-09	2.551487302e-10	-2.477642076e-10
829.311	0.626	-0.413	1.531738936e-09	2.41435935e-10	-2.335457306e-10
830.562	0.691	-0.625	1.168375754e-09	1.929024136e-10	-1.864446532e-10
831.768	0.510	-0.515	1.553067074e-09	2.472757976e-10	-2.373289984e-10
832.667	0.504	-0.389	1.781943098e-09	2.846965212e-10	-2.725126352e-10
833.635	0.417	-0.464	1.776901152e-09	2.903172922e-10	-2.779231364e-10
834.791	0.556	-0.739	1.228776016e-09	1.972926956e-10	-1.881233978e-10
835.864	0.524	-0.517	1.477940152e-09	2.476378294e-10	-2.366117962e-10
837.063	0.671	-0.676	1.18168518e-09	1.90774974e-10	-1.811344704e-10
838.180	0.539	-0.445	1.617626426e-09	2.60092014e-10	-2.477330778e-10
839.308	0.567	-0.589	1.376263668e-09	2.195594934e-10	-2.104037156e-10
840.419	0.489	-0.544	1.539689034e-09	2.439326058e-10	-2.350255284e-10
841.546	0.562	-0.638	1.327239472e-09	2.088288722e-10	-2.022847866e-10
842.688	0.605	-0.58	1.343182256e-09	2.103112726e-10	-2.044908788e-10
843.858	0.722	-0.566	1.214914974e-09	1.943519266e-10	-1.891344572e-10
845.180	0.583	-0.6	1.345208566e-09	2.109235596e-10	-2.048638956e-10
846.400	0.734	-0.636	1.161783402e-09	1.82343057e-10	-1.76969026e-10
847.645	0.644	-0.512	1.376266372e-09	2.164062576e-10	-2.0972731e-10
848.925	0.646	-0.635	1.242424456e-09	1.968192928e-10	-1.896459188e-10
850.197	0.548	-0.626	1.309984234e-09	2.17872941e-10	-2.093802854e-10
851.576	0.838	-0.831	9.2174797e-10	1.546693746e-10	-1.476155512e-10
853.182	0.730	-0.768	1.062387066e-09	1.71656004e-10	-1.62877806e-10
854.723	0.780	-0.811	1.00059154e-09	1.601967224e-10	-1.530917258e-10
856.214	0.783	-0.711	1.064931868e-09	1.691611246e-10	-1.626513798e-10
857.520	0.579	-0.523	1.445121028e-09	2.280883826e-10	-2.20404899e-10
858.865	0.719	-0.767	1.05336517e-09	1.69022477e-10	-1.640968368e-10
860.457	1.144	-0.873	7.62465808e-10	1.24440108e-10	-1.213587986e-10
862.208	0.602	-0.606	1.273376806e-09	2.069421562e-10	-2.024838348e-10
863.508	0.793	-0.698	1.067513174e-09	1.661729004e-10	-1.623066874e-10
865.149	0.809	-0.849	9.43770022e-10	1.501785714e-10	-1.467477024e-10
867.083	0.917	-1.125	7.792421e-10	1.21525872e-10	-1.185276768e-10
868.817	0.801	-0.816	9.84123166e-10	1.539849246e-10	-1.498032562e-10
870.594	0.705	-0.976	9.4659266e-10	1.48797233e-10	-1.4423981e-10
872.459	0.808	-1.159	7.95252822e-10	1.283528298e-10	-1.240484674e-10
874.160	0.870	-0.893	8.87536286e-10	1.447894656e-10	-1.387724234e-10
875.927	0.780	-0.896	9.54812482e-10	1.56284102e-10	-1.481060906e-10
877.543	0.915	-0.837	8.92948342e-10	1.491270872e-10	-1.403468274e-10
879.604	1.059	-1.145	6.73638732e-10	1.186667638e-10	-1.130461618e-10
881.836	1.062	-1.173	7.12232248e-10	1.14651628e-10	-1.091041354e-10
883.832	0.996	-0.934	8.24491512e-10	1.311924692e-10	-1.259761152e-10
886.174	1.193	-1.346	6.26891304e-10	9.83591492e-11	-9.54847634e-11
888.848	1.276	-1.481	5.67487128e-10	9.03226922e-11	-8.8243688e-11
891.068	0.960	-0.944	8.3605483e-10	1.303036982e-10	-1.271510032e-10
893.172	1.246	-1.144	6.5495443e-10	1.043052114e-10	-1.018582942e-10
895.423	1.279	-1.006	6.96703514e-10	1.087082698e-10	-1.05985139e-10
898.148	1.156	-1.447	5.90999422e-10	9.64108496e-11	-9.40573218e-11
900.837	1.302	-1.532	5.61564016e-10	8.82827608e-11	-8.5571967e-11
903.007	1.081	-0.869	8.16203414e-10	1.287028964e-10	-1.244583262e-10
905.516	1.387	-1.428	5.56001212e-10	8.93677408e-11	-8.66486998e-11
908.775	1.592	-1.872	4.44074202e-10	7.29923506e-11	-7.07936944e-11
912.564	1.698	-2.197	4.0182285e-10	6.50249808e-11	-6.27154944e-11
916.038	1.480	-1.776	4.8882912e-10	7.71592484e-11	-7.45557696e-11
919.542	1.813	-2.025	4.07784156e-10	6.57530328e-11	-6.3595207e-11
923.107	1.602	-1.752	4.74568224e-10	7.54061776e-11	-7.24875138e-11
926.523	1.570	-1.814	4.62446192e-10	7.54236522e-11	-7.2302594e-11
929.987	1.882	-1.895	4.14306204e-10	6.6983488e-11	-6.465095e-11
934.010	1.930	-2.141	3.77882648e-10	6.28580966e-11	-6.04030674e-11
937.940	1.164	-1.999	3.354068978e-10	6.60346206e-11	-6.26793284e-11
940.792	1.411	-1.688	5.13507514e-10	8.44267554e-11	-7.9035216e-11
944.271	1.890	-2.069	3.88578996e-10	6.48416158e-11	-6.21544144e-11
948.101	2.031	-1.94	3.16110951e-10	5.73132066e-11	-5.5917706e-11
952.001	2.273	-1.869	3.8424854e-10	6.22544286e-11	-5.89469972e-11
956.092	1.932	-1.818	2.82902113e-10	5.58739688e-11	-5.29043684e-11
960.495	1.529	-2.47	3.91269814e-10	6.51537926e-11	-6.14582696e-11
964.057	2.491	-2.033	3.283160972e-10	5.40463014e-11	-5.18822564e-11
967.955	1.761	-1.406	3.182182796e-10	6.47885498e-11	-6.32224606e-11
971.107	1.771	-1.392	3.35411596e-10	6.3959571e-11	-6.22481756e-11
974.500	1.684	-1.622	3.209721346e-10	6.11020514e-11	-5.95464064e-11
978.318	1.909	-2.135	2.557819732e-10	5.02844628e-11	-4.90812166e-11
982.289	1.681	-2.061	2.8357693e-10	5.43555376e-11	-5.26872034e-11
986.792	2.038	-2.822	2.182887486e-10	4.19379246e-11	-4.05771704e-11
991.126	2.458	-2.296	2.175873986e-10	4.28074972e-11	-4.1759055e-11
996.116	1.967	-2.532	2.298907676e-10	4.43801774e-11	-4.39350652e-11
1000.278	2.319	-2.195	2.291631212e-10	4.47433584e-11	-4.3908904e-11
1004.128	2.294	-1.531	2.773767932e-10	5.32632906e-11	-5.15553766e-11
1008.892	2.521	-2.47	2.072692388e-10	4.07403906e-11	-3.97708038e-11
1013.487	1.537	-2.075	2.937773306e-10	5.55787258e-11	-5.4427464e-11
1017.635	2.345	-2.611	2.140585772e-10	4.02911886e-11	-3.96133972e-11
1022.656	2.941	-2.676	1.841514246e-10	3.64269698e-11	-3.5383868e-11
1029.173	3.781	-3.576	1.405986712e-10	2.799465396e-11	-2.705417234e-11
1035.088	1.782	-2.134	2.709547932e-10	5.12486416e-11	-5.01964138e-11
1040.912	3.645	-4.042	1.345531356e-10	2.654841618e-11	-2.58394916e-11
1046.242	1.598	-1.685	3.232389654e-10	6.13008292e-11	-5.99176994e-11
1050.325	2.975	-2.485	1.943212024e-10	3.7614499e-11	-3.6183069e-11
1056.852	3.655	-3.552	1.39823502e-10	2.863392012e-11	-2.781549368e-11
1066.440	10.176	-5.933	1.07631537e-10	2.036222526e-11	-1.994066828e-11
1087.426	4.540	-10.81	1.108699488e-10	2.21301782e-11	-2.19309103e-11
1098.114	7.288	-6.147	7.89685624e-11	1.494875642e-11	-1.463276698e-11
1131.361	20.279	-25.959	7.09843602e-11	1.362094032e-11	-1.319187974e-11
1167.854	24.012	-16.214	6.9878289e-11	1.337522446e-11	-1.297932844e-11
1222.481	48.635	-30.614	3.358968964e-11	7.110844e-12	-6.9187079e-12
1364.335	87.284	-93.219	1.7203355e-11	3.72354996e-12	-3.6621117e-12
1564.487	203.006	-112.868	7.9910298e-12	1.911460642e-12	-1.897343396e-12
NO NO NO NO NO NO
! PC
130.887	100.747	-60.49	2.4527477e-11	5.5258606e-12	-5.5258606e-12
371.458	63.839	-139.825	2.26349981e-11	4.85054674e-12	-4.85054674e-12
483.074	29.390	-47.777	1.14517273e-10	2.203885736e-11	-2.203885736e-11
1154.511	120.408	-83.375	3.89472668e-11	8.75696146e-12	-8.75696146e-12
1697.100	610.288	-422.181	5.9076823e-12	1.075394658e-12	-1.075394658e-12
5786.561	147.436	-191.051	1.738459398e-12	4.51211748e-13	-4.51211748e-13
6164.657	130.392	-230.661	1.62051565e-12	4.23084402e-13	-4.23084402e-13
6544.000	255.019	-248.951	1.156960818e-12	3.030540448e-13	-3.030540448e-13
6986.111	146.381	-187.092	1.75905171e-12	4.5805084e-13	-4.5805084e-13
7469.246	631.056	-336.754	1.126758828e-12	2.156371048e-13	-2.156371048e-13
11817.232	267.665	-443.309	8.44664366e-13	2.230116564e-13	-2.230116564e-13
12458.956	365.598	-374.059	7.89896536e-13	2.07862057e-13	-2.07862057e-13
13318.671	568.972	-494.117	1.0355813e-12	1.98396367e-13	-1.98396367e-13
17955.500	641.971	-724.514	4.25718774e-13	1.136070728e-13	-1.136070728e-13
19084.953	588.143	-487.482	7.31386032e-13	1.669565872e-13	-1.669565872e-13
23533.462	391.806	-275.139	8.7344101e-13	2.289386554e-13	-2.289386554e-13
24814.445	645.288	-889.177	5.26840938e-13	1.17749736e-13	-1.17749736e-13
29550.876	277.886	-283.752	1.039630202e-12	2.723195358e-13	-2.723195358e-13
29982.881	226.992	-154.12	1.546607218e-12	4.02730042e-13	-4.02730042e-13
30762.188	483.195	-552.315	9.78034096e-13	1.941342884e-13	-1.941342884e-13
37397.102	2855.092	-2185.719	1.080842542e-12	2.820005994e-13	-2.820005994e-13
40664.741	201.745	-412.546	9.5348786e-13	2.489343298e-13	-2.489343298e-13
41496.903	322.363	-630.417	6.07200776e-13	1.605265766e-13	-1.605265766e-13
42310.691	508.978	-491.425	7.77737324e-13	1.764828468e-13	-1.764828468e-13
46489.779	276.575	-502.096	7.6503596e-13	1.999967632e-13	-1.999967632e-13
47206.758	376.981	-440.404	7.1990113e-13	1.90070075e-13	-1.90070075e-13
47908.351	695.852	-324.613	7.59192278e-13	1.736470606e-13	-1.736470606e-13
52270.277	413.098	-448.982	8.38832852e-13	2.200072082e-13	-2.200072082e-13
53094.482	378.100	-411.107	7.81222442e-13	2.062547318e-13	-2.062547318e-13
53851.495	538.755	-378.913	7.60509464e-13	1.824056884e-13	-1.824056884e-13
57967.881	317.253	-389.808	8.26938632e-13	2.178980544e-13	-2.178980544e-13
58571.795	372.763	-286.661	8.9675287e-13	2.361376836e-13	-2.361376836e-13
59348.215	200.606	-403.657	9.75314886e-13	2.56316216e-13	-2.56316216e-13
59851.284	326.859	-302.464	9.27462536e-13	2.443860666e-13	-2.443860666e-13
63676.939	234.944	-269.026	1.162029128e-12	3.041792468e-13	-3.041792468e-13
64148.936	286.975	-237.053	1.124821412e-12	2.946333156e-13	-2.946333156e-13
64677.512	249.833	-241.6	1.202754748e-12	3.15878576e-13	-3.15878576e-13
65135.794	160.127	-208.449	1.587993966e-12	4.14319386e-13	-4.14319386e-13
65609.698	353.154	-313.777	1.105674388e-12	2.577519386e-13	-2.577519386e-13
69424.748	151.791	-231.827	1.543356672e-12	4.01095812e-13	-4.01095812e-13
69754.731	147.759	-178.192	1.803539608e-12	4.68713388e-13	-4.68713388e-13
70081.789	284.554	-179.299	1.263476786e-12	3.305175926e-13	-3.305175926e-13
70565.084	187.386	-198.741	1.519297156e-12	3.95618184e-13	-3.95618184e-13
71259.236	491.131	-506.766	7.74468526e-13	1.767898522e-13	-1.767898522e-13
75338.606	226.646	-357.558	1.000574302e-12	2.61401595e-13	-2.61401595e-13
75757.120	244.405	-191.868	1.342026634e-12	3.50606386e-13	-3.50606386e-13
76158.842	120.995	-157.317	2.11366948e-12	5.4859597e-13	-5.4859597e-13
76390.875	122.142	-111.038	2.537824666e-12	6.59545146e-13	-6.59545146e-13
77030.879	505.108	-517.861	1.069029104e-12	2.047329882e-13	-2.047329882e-13
81157.670	255.644	-390.49	9.66488354e-13	2.524960048e-13	-2.524960048e-13
81600.716	198.724	-187.402	1.52635054e-12	3.9797641e-13	-3.9797641e-13
82004.682	210.973	-205.242	1.41515023e-12	3.67777124e-13	-3.67777124e-13
82561.074	261.351	-345.42	9.67509452e-13	2.527627206e-13	-2.527627206e-13
83076.787	244.580	-254.362	1.261433238e-12	3.190466838e-13	-3.190466838e-13
86754.967	218.870	-244.982	1.348345882e-12	3.3998068e-13	-3.3998068e-13
87340.572	468.199	-366.735	6.96191444e-13	1.832015432e-13	-1.832015432e-13
88419.060	688.487	-610.289	7.53631164e-13	1.529281338e-13	-1.529281338e-13
92885.855	390.767	-586.591	6.2233574e-13	1.651907738e-13	-1.651907738e-13
93576.153	154.292	-299.532	1.290407612e-12	3.364586186e-13	-3.364586186e-13
94316.477	577.350	-586.032	6.6861808e-13	1.519492858e-13	-1.519492858e-13
98806.653	678.244	-648.076	4.57327182e-13	1.21552067e-13	-1.21552067e-13
100069.081	611.792	-584.184	6.20721114e-13	1.473085796e-13	-1.473085796e-13
104695.580	631.780	-719.661	4.24863972e-13	1.136801822e-13	-1.136801822e-13
105898.580	567.088	-571.22	5.7887908e-13	1.4419418e-13	-1.4419418e-13
111149.209	1104.789	-1109.157	4.12865986e-13	8.73951052e-14	-8.73951052e-14
120744.223	3081.187	-4704.937	1.730363284e-13	4.47734404e-14	-4.47734404e-14
128180.159	1431.405	-1121.027	2.516574606e-13	6.51710644e-14	-6.51710644e-14
134081.466	1317.707	-1239.739	2.341501422e-13	6.28295018e-14	-6.28295018e-14
148657.161	8981.430	-10034.659	1.297092238e-13	3.136167138e-14	-3.136167138e-14
174612.710	22553.998	-12736.21	8.89146856e-14	2.36306109e-14	-2.36306109e-14
220379.773	23958.279	-12146.03	6.92469726e-14	1.897094628e-14	-1.897094628e-14
267075.310	40920.738	-18379.211	4.34538884e-14	1.193700742e-14	-1.193700742e-14
NO NO NO NO NO NO
! PCUL
581668.876 334620.155 -130252.615 6.91379e-15 0 0
