READ TERR 1 2
! WT
78.672	0.758	-0.698	5.3643837e-09	7.2375186e-10	-6.5622258e-10
80.208	0.773	-0.779	4.8392994e-09	6.6236508e-10	-6.2259717e-10
81.725	0.751	-0.745	3.50442456e-09	5.3430234e-10	-5.2241202e-10
83.641	0.884	-1.164	2.56055007e-09	4.0742169e-10	-3.82573074e-10
85.306	1.023	-0.781	2.90652921e-09	4.4814978e-10	-4.333797e-10
87.474	0.820	-1.146	2.66714604e-09	4.1438007e-10	-3.9761163e-10
89.539	1.391	-1.244	1.91845719e-09	3.01932345e-10	-2.91578235e-10
92.586	2.042	-1.657	1.36000293e-09	2.14921512e-10	-2.06634948e-10
96.467	1.591	-1.839	1.46650179e-09	2.29054059e-10	-2.23089828e-10
99.589	1.235	-1.531	1.79263929e-09	2.83266321e-10	-2.72558793e-10
101.965	1.069	-1.14	2.19610911e-09	3.50260638e-10	-3.40819635e-10
103.682	0.676	-0.648	3.8575797e-09	5.8230276e-10	-5.6905719e-10
105.110	0.609	-0.752	5.3597271e-09	6.8978013e-10	-6.7232763e-10
106.220	0.424	-0.501	7.8078195e-09	1.01983284e-09	-9.9264009e-10
107.168	0.416	-0.524	7.841418e-09	1.01838204e-09	-9.7219434e-10
108.088	0.467	-0.505	7.5094422e-09	1.02369228e-09	-9.4368417e-10
108.934	0.347	-0.379	1.02457758e-08	1.37389863e-09	-1.25554182e-09
109.799	0.503	-0.518	7.1034561e-09	9.8373249e-10	-8.9310078e-10
110.729	0.406	-0.427	8.6400951e-09	1.19426268e-09	-1.0863645e-09
111.586	0.374	-0.452	8.714589e-09	1.20445923e-09	-1.09573386e-09
112.372	0.490	-0.412	7.9754727e-09	1.07489967e-09	-1.00370556e-09
113.318	0.410	-0.456	8.4651333e-09	1.12715538e-09	-1.03837734e-09
114.270	0.336	-0.541	8.1217383e-09	1.0831587e-09	-1.03564617e-09
115.202	0.575	-0.596	6.0851622e-09	8.0344836e-10	-7.743684e-10
116.326	0.566	-0.55	6.449001e-09	8.4063525e-10	-8.1001557e-10
117.410	0.542	-0.519	6.7181712e-09	8.9290812e-10	-8.568846e-10
118.513	0.464	-0.561	7.1571591e-09	9.0893946e-10	-8.7585498e-10
119.300	0.433	-0.323	9.7001268e-09	1.22490186e-09	-1.18568541e-09
120.441	0.635	-0.708	5.3292993e-09	6.9207489e-10	-6.6872832e-10
121.637	0.383	-0.56	6.9133857e-09	8.6612721e-10	-8.4522204e-10
122.297	0.261	-0.278	5.0965434e-09	6.3157419e-10	-6.3160695e-10
122.891	0.269	-0.333	4.6172841e-09	5.6409288e-10	-5.6412213e-10
123.479	0.220	-0.319	3.45938619e-09	5.1569622e-10	-5.1571377e-10
123.956	0.271	-0.257	3.52922271e-09	5.2610688e-10	-5.2612443e-10
124.530	0.250	-0.303	4.9653513e-09	6.1531626e-10	-6.1534707e-10
125.089	0.361	-0.308	2.78773326e-09	4.1557152e-10	-4.1558556e-10
125.780	0.344	-0.33	2.63593161e-09	4.1903433e-10	-4.1904642e-10
126.424	0.303	-0.3	3.0920175e-09	4.6093164e-10	-4.6094724e-10
127.137	0.338	-0.41	2.4956724e-09	3.72033636e-10	-3.72044361e-10
127.825	0.363	-0.351	2.61390051e-09	3.89658087e-10	-3.89669553e-10
128.528	0.337	-0.341	2.70814284e-09	4.1237079e-10	-4.1238327e-10
129.302	0.392	-0.437	2.24931642e-09	3.35309169e-10	-3.35321649e-10
130.096	0.374	-0.402	2.40407778e-09	3.58379619e-10	-3.58392333e-10
130.819	0.439	-0.349	2.32912251e-09	3.54657108e-10	-3.54668886e-10
131.657	0.430	-0.399	2.24934333e-09	3.35313069e-10	-3.35324106e-10
132.683	0.557	-0.596	1.56761397e-09	2.43871368e-10	-2.43878466e-10
133.650	0.334	-0.41	2.50872765e-09	3.73979892e-10	-3.73991982e-10
134.548	0.554	-0.564	1.64373729e-09	2.50292991e-10	-2.50300674e-10
135.579	0.401	-0.478	2.12274426e-09	3.16440813e-10	-3.16452279e-10
136.578	0.520	-0.598	1.64371155e-09	2.5028913e-10	-2.50297827e-10
137.743	0.455	-0.646	1.69410969e-09	2.52543564e-10	-2.52552339e-10
138.722	0.481	-0.524	1.85601702e-09	2.76679299e-10	-2.76688971e-10
139.838	0.554	-0.634	1.56984087e-09	2.34018642e-10	-2.34027378e-10
141.047	0.624	-0.655	1.45848846e-09	2.17419189e-10	-2.17427457e-10
142.106	0.530	-0.434	1.93482315e-09	2.88427152e-10	-2.88437916e-10
143.285	0.783	-0.65	1.30294398e-09	1.94231973e-10	-1.94239929e-10
145.042	1.269	-0.974	7.9282086e-10	1.26034857e-10	-1.26039771e-10
147.219	0.807	-0.908	1.05410019e-09	1.63984938e-10	-1.63991451e-10
148.897	1.026	-0.871	9.8401329e-10	1.46688477e-10	-1.46694873e-10
151.236	1.400	-1.313	6.7708758e-10	1.03100712e-10	-1.03105587e-10
154.087	1.199	-1.451	7.0500027e-10	1.05095562e-10	-1.0510071e-10
156.797	1.173	-1.512	6.9586803e-10	1.03734228e-10	-1.03739883e-10
159.529	1.067	-1.559	7.1142591e-10	1.06053558e-10	-1.06060071e-10
161.284	0.878	-0.688	1.17458679e-09	1.78855521e-10	-1.78866597e-10
163.014	0.671	-0.852	1.20755076e-09	1.83874977e-10	-1.83886326e-10
164.424	0.698	-0.739	1.30014768e-09	1.93815375e-10	-1.93827075e-10
165.795	0.538	-0.673	1.54305567e-09	2.30026134e-10	-2.30040681e-10
167.014	0.545	-0.681	1.52515389e-09	2.2735752e-10	-2.27372145e-10
168.290	0.736	-0.73	1.27526568e-09	1.9010628e-10	-1.90119384e-10
169.688	0.538	-0.663	1.53243597e-09	2.33345697e-10	-2.33361726e-10
170.898	0.627	-0.672	1.41697569e-09	2.15764458e-10	-2.15779473e-10
172.027	0.519	-0.502	1.77344349e-09	2.75892786e-10	-2.75911194e-10
173.179	0.786	-0.633	1.29625236e-09	1.97381847e-10	-1.97396082e-10
174.672	0.777	-0.707	1.22056701e-09	1.89882381e-10	-1.89895719e-10
176.090	0.635	-0.641	1.46552913e-09	2.18469303e-10	-2.18485254e-10
177.591	0.824	-0.866	1.10608719e-09	1.64886696e-10	-1.64899917e-10
179.499	1.003	-1.084	8.9581011e-10	1.3354029e-10	-1.33551015e-10
181.334	0.718	-0.832	1.20641664e-09	1.79843118e-10	-1.79858016e-10
183.215	1.249	-1.163	7.6280334e-10	1.16153037e-10	-1.16162553e-10
185.471	1.028	-1.007	9.1864656e-10	1.36944678e-10	-1.36956768e-10
187.370	0.843	-0.87	1.0915047e-09	1.62712992e-10	-1.62727344e-10
189.568	1.655	-1.355	6.2122671e-10	9.2607684e-11	-9.2616303e-11
192.597	1.895	-1.373	5.721924e-10	8.529807e-11	-8.5306377e-11
196.072	0.994	-1.581	7.2645339e-10	1.08294108e-10	-1.08304755e-10
198.632	1.417	-1.566	6.0726471e-10	9.4471728e-11	-9.4479801e-11
201.546	1.970	-1.496	3.71768475e-10	6.6771939e-11	-6.6776502e-11
205.514	2.212	-1.999	3.78976416e-10	6.2191428e-11	-6.2196615e-11
209.449	2.118	-1.723	3.72914373e-10	6.6598038e-11	-6.6602679e-11
213.435	2.098	-1.868	3.15009006e-10	5.9378358e-11	-5.9382258e-11
217.566	1.300	-2.033	3.83810232e-10	7.0074225e-11	-7.0079139e-11
221.072	2.585	-2.207	2.60632788e-10	4.9128573e-11	-4.913181e-11
227.066	2.789	-3.41	2.04929751e-10	3.74150712e-11	-3.74175165e-11
232.368	2.171	-2.513	2.66183502e-10	4.8598485e-11	-4.8601839e-11
243.367	6.881	-8.828	1.79160462e-10	3.48822435e-11	-3.48844626e-11
256.416	15.401	-6.168	1.11190209e-10	2.03005608e-11	-2.03018595e-11
280.830	11.414	-9.014	1.30285467e-10	2.378688e-11	-2.3788401e-11
296.637	4.023	-4.393	1.44690975e-10	2.72738466e-11	-2.727543e-11
307.290	5.464	-6.63	9.8258199e-11	1.91306973e-11	-1.91317737e-11
318.668	5.515	-5.914	1.06544568e-10	2.00833581e-11	-2.00845749e-11
331.198	12.039	-7.015	6.3899862e-11	1.20449472e-11	-1.20456375e-11
350.516	7.404	-7.279	8.2914468e-11	1.56291447e-11	-1.56300456e-11
364.944	5.268	-7.023	1.01439741e-10	1.85203668e-11	-1.85215329e-11
378.655	7.495	-8.442	7.8232206e-11	1.42832547e-11	-1.42841634e-11
394.643	7.186	-8.493	7.579572e-11	1.47572919e-11	-1.47581304e-11
411.177	9.007	-9.348	6.7927743e-11	1.24019103e-11	-1.24026864e-11
428.046	7.796	-7.862	7.776171e-11	1.46578731e-11	-1.46587467e-11
443.360	7.596	-7.518	8.4736899e-11	1.56966576e-11	-1.56975741e-11
458.997	8.033	-8.042	7.7557974e-11	1.41601512e-11	-1.41610014e-11
NO NO NO NO NO NO
! PC
1040.604	3291.403	-801.475	3.59703318e-11	9.060987e-12	-9.060987e-12
4352.802	19.322	-20.795	4.0200849e-11	9.0113361e-12	-9.0113361e-12
4406.872	40.471	-34.748	2.26442229e-11	4.9704681e-12	-4.9704681e-12
4483.130	36.925	-35.787	2.24951571e-11	5.0611743e-12	-5.0611743e-12
4563.621	34.160	-43.567	2.12151225e-11	4.7614047e-12	-4.7614047e-12
4638.447	42.075	-40.666	1.95973401e-11	4.4146557e-12	-4.4146557e-12
4734.209	49.112	-53.687	1.59227679e-11	3.57361758e-12	-3.57361758e-12
4808.490	37.514	-25.169	2.56859148e-11	5.815017e-12	-5.815017e-12
4884.084	27.109	-38.08	2.49707016e-11	5.618145e-12	-5.618145e-12
4975.193	33.785	-63.999	1.66181223e-11	3.73890387e-12	-3.73890387e-12
5066.015	48.269	-57.038	1.60166331e-11	3.52815606e-12	-3.52815606e-12
5154.568	49.979	-40.284	1.79481783e-11	4.0481649e-12	-4.0481649e-12
5263.652	63.753	-59.104	1.45551003e-11	3.12410358e-12	-3.12410358e-12
5376.317	51.380	-48.912	1.61401383e-11	3.63585885e-12	-3.63585885e-12
5479.017	38.943	-51.32	1.78849281e-11	4.0338987e-12	-4.0338987e-12
5559.794	30.878	-41.834	1.42083669e-11	3.21731787e-12	-3.21731787e-12
5629.615	46.305	-38.943	1.3981773e-11	3.13429233e-12	-3.13429233e-12
5735.750	45.477	-59.83	1.42146537e-11	3.21014343e-12	-3.21014343e-12
5809.047	17.311	-27.82	2.00090826e-11	4.4967546e-12	-4.4967546e-12
5876.138	42.991	-49.78	1.01744643e-11	2.24169894e-12	-2.24169894e-12
5984.614	139.396	-65.486	1.57861821e-11	2.97683802e-12	-2.97683802e-12
9804.957	48.567	-56.74	8.0718066e-12	1.82170521e-12	-1.82170521e-12
9908.133	48.190	-54.61	8.2826601e-12	1.8618678e-12	-1.8618678e-12
10024.154	39.982	-67.832	8.2416399e-12	1.81900641e-12	-1.81900641e-12
10111.727	52.702	-47.59	8.433087e-12	1.90831446e-12	-1.90831446e-12
10224.510	32.689	-60.081	9.6262335e-12	2.11387332e-12	-2.11387332e-12
10293.531	38.887	-36.332	1.1350131e-11	2.54466966e-12	-2.54466966e-12
10378.150	29.487	-45.732	1.13347104e-11	2.54457255e-12	-2.54457255e-12
10454.747	33.124	-47.11	1.05989754e-11	2.38571346e-12	-2.38571346e-12
10526.340	31.735	-38.469	1.21440267e-11	2.72625912e-12	-2.72625912e-12
10602.303	33.498	-44.228	1.09699044e-11	2.46267606e-12	-2.46267606e-12
10677.146	38.889	-41.345	1.05970254e-11	2.38527471e-12	-2.38527471e-12
10777.812	46.037	-61.777	7.8451776e-12	1.77527649e-12	-1.77527649e-12
10862.567	44.023	-38.718	1.27813959e-11	2.88433548e-12	-2.88433548e-12
11015.105	82.039	-108.515	1.1997063e-11	2.73998088e-12	-2.73998088e-12
11133.364	28.971	-36.219	1.31118078e-11	2.9357562e-12	-2.9357562e-12
11230.836	66.893	-68.501	6.311799e-12	1.41883638e-12	-1.41883638e-12
11374.620	53.488	-76.891	6.5044902e-12	1.46798145e-12	-1.46798145e-12
11492.013	38.895	-63.904	8.2920747e-12	1.86151992e-12	-1.86151992e-12
11606.676	77.177	-75.768	5.4859545e-12	1.25141484e-12	-1.25141484e-12
11765.129	247.126	-81.275	1.07733561e-11	1.91590815e-12	-1.91590815e-12
15599.450	86.284	-81.705	6.5886483e-12	1.30836888e-12	-1.30836888e-12
39731.715	132.582	-158.265	2.51773236e-12	6.5880243e-13	-6.5880243e-13
40038.472	136.731	-174.175	2.33453493e-12	6.1023612e-13	-6.1023612e-13
40448.852	192.710	-273.649	1.52988693e-12	4.0661478e-13	-4.0661478e-13
40776.989	170.461	-135.428	2.53204653e-12	6.42837e-13	-6.42837e-13
44622.733	217.549	-206.186	1.61721339e-12	4.2033303e-13	-4.2033303e-13
44971.524	111.966	-131.242	2.81209344e-12	7.299279e-13	-7.299279e-13
45232.261	152.106	-148.771	2.26997706e-12	5.8999434e-13	-5.8999434e-13
45612.617	172.919	-228.25	1.69472667e-12	4.4253495e-13	-4.4253495e-13
46132.807	592.088	-347.272	1.4198886e-12	2.90173767e-13	-2.90173767e-13
56082.520	225.434	-245.94	1.46071926e-12	3.81714489e-13	-3.81714489e-13
56710.058	407.753	-402.104	1.48137444e-12	2.93146971e-13	-2.93146971e-13
74633.256	722.726	-420.602	1.12637187e-12	2.28248202e-13	-2.28248202e-13
85754.031	7058.921	-5482.461	6.6379599e-13	1.55279553e-13	-1.55279553e-13
100600.799	3256.693	-3707.02	7.3442733e-13	1.47900285e-13	-1.47900285e-13
112252.446	3123.677	-3779.715	6.1859967e-13	1.38683883e-13	-1.38683883e-13
141071.650	3225.944	-3677.949	4.3265274e-13	1.14721503e-13	-1.14721503e-13
155695.543	6361.854	-6723.785	2.60036127e-13	6.913452e-14	-6.913452e-14
176771.431	2265.430	-9620.454	3.05967363e-13	7.8988533e-14	-7.8988533e-14
187183.970	3371.438	-3532.059	3.07884486e-13	8.2307589e-14	-8.2307589e-14
211284.627	8192.059	-16051.47	1.45233036e-13	3.65428128e-14	-3.65428128e-14
232838.607	9917.330	-8687.84	2.07963093e-13	4.817397e-14	-4.817397e-14
262381.316	26066.785	-14530.144	1.80979539e-13	3.9329862e-14	-3.9329862e-14
386022.649	12732.923	-50350.501	1.21702815e-13	3.18930807e-14	-3.18930807e-14
445289.500	51865.899	-41857.27	7.598994e-14	1.56314574e-14	-1.56314574e-14
618189.800	58657.149	-29351.07	7.1791122e-14	1.98099837e-14	-1.98099837e-14
725863.221	31927.483	-45290.254	5.6171076e-14	1.49629935e-14	-1.49629935e-14
914841.230	68434.428	-66730.641	4.2764982e-14	8.1166527e-15	-8.1166527e-15
1549811.777	138825.109	-93375.533	1.8039606e-14	5.514327e-15	-5.514327e-15
NO NO NO NO NO NO
! PCUL
1700006.107 11371.182 -1124.524 5.78136e-13 0 0
