READ TERR 1 2
! WT
133.132	2.403	-2.407	2.2414279e-10	4.092274e-11	-4.092274e-11
137.391	1.998	-1.855	2.66458986e-10	5.1953088e-11	-5.1953122e-11
141.140	1.768	-1.752	3.101344e-10	5.662258e-11	-5.6622614e-11
144.490	2.108	-1.582	3.09309152e-10	5.555362e-11	-5.5553654e-11
148.742	1.640	-2.144	2.91870314e-10	5.328803e-11	-5.3288064e-11
152.892	1.660	-2.51	2.5852597e-10	4.8765826e-11	-4.8765826e-11
156.574	1.654	-2.021	2.93309772e-10	5.5327078e-11	-5.5327112e-11
159.654	1.915	-1.426	3.30565136e-10	6.035272e-11	-6.0352754e-11
163.588	1.888	-2.019	4.1596348e-10	6.2008282e-11	-6.2008316e-11
167.297	1.479	-1.821	3.26461778e-10	5.9603564e-11	-5.9603564e-11
170.436	1.972	-1.66	2.96710928e-10	5.4171826e-11	-5.4171826e-11
174.256	1.550	-1.848	3.2421516e-10	5.9193388e-11	-5.9193388e-11
178.308	1.371	-2.502	2.78342836e-10	5.2503888e-11	-5.2503888e-11
181.786	2.138	-2.107	2.53962592e-10	4.7905014e-11	-4.7905048e-11
186.281	2.190	-2.357	2.3126732e-10	4.3624006e-11	-4.3624006e-11
191.191	2.217	-2.72	1.86973072e-10	4.1835266e-11	-4.1835266e-11
196.284	2.729	-2.876	1.92256468e-10	3.5101124e-11	-3.5101124e-11
202.014	2.482	-3.001	1.87120632e-10	3.648404e-11	-3.648404e-11
207.164	1.923	-2.669	2.34656542e-10	4.2842278e-11	-4.2842278e-11
211.024	2.451	-1.936	2.39738216e-10	4.522187e-11	-4.522187e-11
216.483	3.066	-3.008	1.73184882e-10	3.26679004e-11	-3.26679072e-11
221.486	2.367	-1.937	2.32483262e-10	4.6876616e-11	-4.687665e-11
226.996	2.468	-3.143	1.90143164e-10	3.5866736e-11	-3.586677e-11
231.434	2.199	-1.97	2.65035338e-10	4.8388664e-11	-4.8388664e-11
236.029	2.066	-2.396	2.34425818e-10	4.570739e-11	-4.5707424e-11
240.192	1.970	-2.097	2.64964652e-10	4.8375744e-11	-4.8375778e-11
244.341	1.942	-2.18	3.9212982e-10	5.845535e-11	-5.845535e-11
248.264	1.710	-1.98	3.24016192e-10	5.7190244e-11	-5.7190278e-11
251.851	1.841	-1.877	2.8980835e-10	5.2911582e-11	-5.2911582e-11
255.809	2.290	-2.117	3.6679438e-10	5.4678562e-11	-5.4678596e-11
259.835	2.239	-1.736	4.149343e-10	6.185484e-11	-6.1854874e-11
263.761	1.799	-1.688	4.6772474e-10	7.1254276e-11	-7.125431e-11
267.571	1.941	-2.01	4.0608444e-10	6.3233812e-11	-6.3233846e-11
271.824	1.915	-2.312	3.9200266e-10	5.8436412e-11	-5.8436446e-11
275.999	1.960	-2.26	3.9266192e-10	5.8534672e-11	-5.8534706e-11
279.715	1.680	-1.756	4.82375e-10	7.1908368e-11	-7.1908368e-11
282.956	1.889	-1.561	3.1264241e-10	5.8973816e-11	-5.8973816e-11
286.603	2.045	-1.759	2.83543612e-10	5.348489e-11	-5.348489e-11
291.061	2.294	-2.413	3.4644334e-10	5.277803e-11	-5.277803e-11
295.064	1.978	-1.708	2.99703336e-10	5.4718138e-11	-5.4718172e-11
299.520	2.188	-2.478	2.36744822e-10	4.3223554e-11	-4.3223554e-11
304.345	1.977	-2.637	2.22325898e-10	4.4828558e-11	-4.4828558e-11
308.307	1.822	-1.985	2.90166438e-10	5.2976964e-11	-5.2976964e-11
312.106	2.064	-1.977	2.73434188e-10	4.9922064e-11	-4.9922098e-11
317.074	2.110	-2.904	2.1510474e-10	4.057526e-11	-4.057526e-11
321.758	3.097	-2.575	1.94789944e-10	3.556366e-11	-3.556366e-11
327.794	3.411	-2.939	1.73998502e-10	3.17676688e-11	-3.17676756e-11
NO NO NO NO NO NO
! PC
338.006	8.039	-4.497	1.61436624e-10	3.6098344e-11	-3.6098344e-11
353.991	7.098	-7.946	1.48474498e-10	3.17054284e-11	-3.17054284e-11
370.864	7.777	-9.775	1.2705664e-10	2.71752344e-11	-2.71752344e-11
385.636	10.556	-6.995	1.16782214e-10	2.63443186e-11	-2.63443186e-11
407.213	9.037	-11.021	1.16151378e-10	2.44053462e-11	-2.44053462e-11
425.474	8.327	-9.224	1.22782602e-10	2.68381992e-11	-2.68381992e-11
443.230	8.123	-9.428	1.28257384e-10	2.75200896e-11	-2.75200896e-11
459.378	9.526	-8.025	1.19918782e-10	2.63444512e-11	-2.63444512e-11
485.117	13.874	-16.213	7.7342724e-11	1.62260614e-11	-1.62260614e-11
512.239	14.333	-13.247	7.490557e-11	1.67493962e-11	-1.67493962e-11
537.064	9.567	-10.492	1.02130356e-10	2.29174416e-11	-2.29174416e-11
561.924	14.794	-15.294	7.1963924e-11	1.57829122e-11	-1.57829122e-11
586.848	9.928	-10.13	1.02178602e-10	2.304996e-11	-2.304996e-11
614.080	20.306	-17.304	5.9924048e-11	1.2837261e-11	-1.2837261e-11
649.923	17.058	-15.537	6.8406674e-11	1.47015524e-11	-1.47015524e-11
677.236	9.803	-10.255	1.0154763e-10	2.2826852e-11	-2.2826852e-11
697.615	9.484	-10.575	1.1423881e-10	2.44728668e-11	-2.44728668e-11
723.704	18.495	-16.606	9.65736e-11	1.68650948e-11	-1.68650948e-11
4050.535	37.673	-32.532	1.97649412e-11	4.4541836e-12	-4.4541836e-12
4138.012	42.966	-49.804	1.48741092e-11	3.3482503e-12	-3.3482503e-12
4212.625	36.050	-31.647	2.12499388e-11	4.6518698e-12	-4.6518698e-12
4292.989	35.920	-44.313	9.6062818e-12	2.15292182e-12	-2.15292182e-12
4371.483	35.153	-42.574	9.9073994e-12	2.22293904e-12	-2.22293904e-12
4436.297	33.021	-29.661	1.24169802e-11	2.7891968e-12	-2.7891968e-12
4508.997	38.047	-39.679	9.8633184e-12	2.2231852e-12	-2.2231852e-12
4583.498	26.229	-36.454	1.24969584e-11	2.80716172e-12	-2.80716172e-12
4642.668	29.742	-32.94	1.25546258e-11	2.81369312e-12	-2.81369312e-12
4727.059	60.687	-54.649	9.9295878e-12	2.23526846e-12	-2.23526846e-12
4831.038	64.523	-43.292	1.33883058e-11	3.01042324e-12	-3.01042324e-12
4945.602	45.236	-50.042	1.49193734e-11	3.34721942e-12	-3.34721942e-12
5057.579	41.073	-66.741	1.20331372e-11	2.70269128e-12	-2.70269128e-12
5137.336	44.057	-38.684	9.825439e-12	2.15809696e-12	-2.15809696e-12
5221.650	34.962	-40.257	1.08598244e-11	2.3749476e-12	-2.3749476e-12
5286.044	35.758	-29.432	1.1935683e-11	2.68721754e-12	-2.68721754e-12
5366.138	48.435	-44.335	9.4758578e-12	1.9915925e-12	-1.9915925e-12
5466.385	40.958	-51.813	8.3930462e-12	1.88316072e-12	-1.88316072e-12
5547.562	24.972	-40.218	1.19519282e-11	2.6878003e-12	-2.6878003e-12
5636.046	31.766	-63.512	8.206342e-12	1.84547716e-12	-1.84547716e-12
5702.630	35.386	-34.819	1.10154866e-11	2.471562e-12	-2.471562e-12
5785.769	40.002	-47.753	9.1783476e-12	2.02036738e-12	-2.02036738e-12
5870.843	50.207	-45.071	8.1947378e-12	1.83866628e-12	-1.83866628e-12
5965.561	33.215	-44.512	1.10434482e-11	2.3569055e-12	-2.3569055e-12
6058.738	60.390	-59.961	6.367452e-12	1.43686448e-12	-1.43686448e-12
6155.837	25.973	-36.709	1.23058886e-11	2.75168052e-12	-2.75168052e-12
6229.649	37.410	-47.838	8.9473244e-12	2.01672054e-12	-2.01672054e-12
6320.192	44.652	-53.133	8.1974918e-12	1.80052882e-12	-1.80052882e-12
6411.664	43.443	-46.82	8.4959948e-12	1.9084353e-12	-1.9084353e-12
6491.539	36.274	-36.431	1.1597978e-11	2.48038296e-12	-2.48038296e-12
9931.342	91.012	-102.05	4.1982792e-12	9.2312686e-13	-9.2312686e-13
10123.582	109.387	-101.227	3.6416006e-12	8.2269324e-13	-8.2269324e-13
10309.355	48.979	-76.386	6.1295404e-12	1.38000832e-12	-1.38000832e-12
10424.246	51.932	-65.912	6.8344488e-12	1.5044133e-12	-1.5044133e-12
10579.514	87.219	-103.337	4.0147438e-12	9.0803324e-13	-9.0803324e-13
10757.503	64.683	-90.77	4.9486354e-12	1.11286624e-12	-1.11286624e-12
10894.766	82.873	-72.58	4.9201094e-12	1.11280402e-12	-1.11280402e-12
11033.072	132.615	-55.433	3.03718906e-12	7.9625212e-13	-7.9625212e-13
11283.582	97.734	-117.895	2.65333552e-12	6.966889e-13	-6.966889e-13
11495.560	76.312	-114.244	3.02137226e-12	7.8726592e-13	-7.8726592e-13
11656.717	110.726	-84.845	2.93935066e-12	7.6589386e-13	-7.6589386e-13
11861.281	131.820	-93.839	2.5178122e-12	6.6417062e-13	-6.6417062e-13
12165.920	145.599	-172.819	3.5956122e-12	6.65533e-13	-6.65533e-13
15729.916	144.898	-145.95	2.1251173e-12	5.5528222e-13	-5.5528222e-13
16064.544	136.219	-189.731	1.87592212e-12	4.9044898e-13	-4.9044898e-13
16467.980	226.723	-267.217	1.23479364e-12	3.23569058e-13	-3.23569058e-13
16913.815	86.781	-219.111	2.0096805e-12	5.2184186e-13	-5.2184186e-13
17191.577	167.564	-190.981	1.70864756e-12	4.4544352e-13	-4.4544352e-13
17640.307	458.480	-281.166	1.43904966e-12	2.84536446e-13	-2.84536446e-13
22183.274	134.839	-311.463	1.36731238e-12	3.5833382e-13	-3.5833382e-13
22504.013	220.284	-185.9	1.51294118e-12	3.9366492e-13	-3.9366492e-13
23354.706	527.959	-630.409	8.0690976e-13	1.71222538e-13	-1.71222538e-13
28851.929	815.319	-842.006	5.3427056e-13	1.1799343e-13	-1.1799343e-13
67607.695	8332.957	-11524.612	9.9802716e-14	2.55656846e-14	-2.55656846e-14
82986.712	4475.079	-3739.59	1.37272994e-13	3.7388508e-14	-3.7388508e-14
297876.311	371887.439	-62388.122	2.55809914e-14	1.0503229e-14	-8.5744124e-15
